{'DM': {'DM': 0.19906951471478884,
  'EBVhost': -0.076630668114016573,
  'Tmax': -0.3185150240410482,
  'dm15': -0.096366005189000042},
 'EBVhost': {'DM': -0.076630668114016476,
  'EBVhost': 0.048295956917130588,
  'Tmax': 0.2482184297829898,
  'dm15': 0.029924139914416167},
 'Tmax': {'DM': -0.31851502404104692,
  'EBVhost': 0.24821842978298958,
  'Tmax': 2.2100292739890857,
  'dm15': 0.17039032167502649},
 'dm15': {'DM': -0.096366005189000056,
  'EBVhost': 0.029924139914416222,
  'Tmax': 0.17039032167502721,
  'dm15': 0.055266844422724948}}