{'DM': {'DM': 0.011139208020930647,
  'EBVhost': -0.0012152498180218309,
  'Tmax': -0.050521168191435831,
  'dm15': -0.0076957496757859567},
 'EBVhost': {'DM': -0.0012152498180218643,
  'EBVhost': 0.0069534021265274882,
  'Tmax': -0.040186001886130543,
  'dm15': -0.0085805798849218906},
 'Tmax': {'DM': -0.050521168191435498,
  'EBVhost': -0.040186001886130751,
  'Tmax': 1.3402554547868253,
  'dm15': 0.11533543372562183},
 'dm15': {'DM': -0.007695749675785909,
  'EBVhost': -0.0085805798849219184,
  'Tmax': 0.11533543372562183,
  'dm15': 0.019058927726117}}
